# initial position/orientation as X1,R1,X2,R2,Q1,Q2 (vector/quaternion)
# init: 0 0 0 1 2 0 0 1 0 0 1 0 0 0 1 0
# # Times series of translational and angular velocities)
# t v_i v_j omega_i omega_j
0.0 0.0 0.0 0.0 -6.123233995736766e-17 0.0 0.0 0.0 0.0 0.0 0.0 0.0 0.0
0.09424777960769379 0.0 0.0 0.0 0.04727641742687077 0.0 0.0 0.0 0.0 0.0 0.0 0.0 0.0
0.18849555921538758 0.0 0.0 0.0 0.09457784514195441 0.0 0.0 0.0 0.0 0.0 0.0 0.0 0.0
0.28274333882308134 0.0 0.0 0.0 0.14148163061755395 0.0 0.0 0.0 0.0 0.0 0.0 0.0 0.0
0.37699111843077515 0.0 0.0 0.0 0.1875646741335845 0.0 0.0 0.0 0.0 0.0 0.0 0.0 0.0
0.47123889803846897 0.0 0.0 0.0 0.2324072071850046 0.0 0.0 0.0 0.0 0.0 0.0 0.0 0.0
0.5654866776461627 0.0 0.0 0.0 0.27559657688614586 0.0 0.0 0.0 0.0 0.0 0.0 0.0 0.0
0.6597344572538565 0.0 0.0 0.0 0.31673100259498865 0.0 0.0 0.0 0.0 0.0 0.0 0.0 0.0
0.7539822368615503 0.0 0.0 0.0 0.35542327090894343 0.0 0.0 0.0 0.0 0.0 0.0 0.0 0.0
0.8482300164692441 0.0 0.0 0.0 0.39130433541415455 0.0 0.0 0.0 0.0 0.0 0.0 0.0 0.0
0.9424777960769379 0.0 0.0 0.0 0.424026788103539 0.0 0.0 0.0 0.0 0.0 0.0 0.0 0.0
1.0367255756846316 0.0 0.0 0.0 0.45326817021279653 0.0 0.0 0.0 0.0 0.0 0.0 0.0 0.0
1.1309733552923253 0.0 0.0 0.0 0.47873409135389566 0.0 0.0 0.0 0.0 0.0 0.0 0.0 0.0
1.2252211349000193 0.0 0.0 0.0 0.5001611272447208 0.0 0.0 0.0 0.0 0.0 0.0 0.0 0.0
1.319468914507713 0.0 0.0 0.0 0.5173194680317412 0.0 0.0 0.0 0.0 0.0 0.0 0.0 0.0
1.413716694115407 0.0 0.0 0.0 0.5300152911671605 0.0 0.0 0.0 0.0 0.0 0.0 0.0 0.0
1.5079644737231006 0.0 0.0 0.0 0.5380928350180075 0.0 0.0 0.0 0.0 0.0 0.0 0.0 0.0
1.6022122533307943 0.0 0.0 0.0 0.5414361518345967 0.0 0.0 0.0 0.0 0.0 0.0 0.0 0.0
1.6964600329384882 0.0 0.0 0.0 0.5399705213700263 0.0 0.0 0.0 0.0 0.0 0.0 0.0 0.0
1.790707812546182 0.0 0.0 0.0 0.5336635092991125 0.0 0.0 0.0 0.0 0.0 0.0 0.0 0.0
1.8849555921538759 0.0 0.0 0.0 0.5225256576106538 0.0 0.0 0.0 0.0 0.0 0.0 0.0 0.0
1.9792033717615696 0.0 0.0 0.0 0.5066107973157434 0.0 0.0 0.0 0.0 0.0 0.0 0.0 0.0
2.0734511513692633 0.0 0.0 0.0 0.48601597710000294 0.0 0.0 0.0 0.0 0.0 0.0 0.0 0.0
2.167698930976957 0.0 0.0 0.0 0.46088100492085543 0.0 0.0 0.0 0.0 0.0 0.0 0.0 0.0
2.2619467105846507 0.0 0.0 0.0 0.4313876029829498 0.0 0.0 0.0 0.0 0.0 0.0 0.0 0.0
2.356194490192345 0.0 0.0 0.0 0.3977581799854619 0.0 0.0 0.0 0.0 0.0 0.0 0.0 0.0
2.4504422698000385 0.0 0.0 0.0 0.36025422799358836 0.0 0.0 0.0 0.0 0.0 0.0 0.0 0.0
2.5446900494077322 0.0 0.0 0.0 0.3191743547121318 0.0 0.0 0.0 0.0 0.0 0.0 0.0 0.0
2.638937829015426 0.0 0.0 0.0 0.2748519653007632 0.0 0.0 0.0 0.0 0.0 0.0 0.0 0.0
2.7331856086231197 0.0 0.0 0.0 0.22765261113764407 0.0 0.0 0.0 0.0 0.0 0.0 0.0 0.0
2.827433388230814 0.0 0.0 0.0 0.17797102608050197 0.0 0.0 0.0 0.0 0.0 0.0 0.0 0.0
2.9216811678385075 0.0 0.0 0.0 0.12622787376270814 0.0 0.0 0.0 0.0 0.0 0.0 0.0 0.0
3.015928947446201 0.0 0.0 0.0 0.07286623226822897 0.0 0.0 0.0 0.0 0.0 0.0 0.0 0.0
3.110176727053895 0.0 0.0 0.0 0.01834784512670176 0.0 0.0 0.0 0.0 0.0 0.0 0.0 0.0
3.2044245066615886 0.0 0.0 0.0 -0.0368508300669066 0.0 0.0 0.0 0.0 0.0 0.0 0.0 0.0
3.2986722862692828 0.0 0.0 0.0 -0.0922427419978532 0.0 0.0 0.0 0.0 0.0 0.0 0.0 0.0
3.3929200658769765 0.0 0.0 0.0 -0.14733449970520762 0.0 0.0 0.0 0.0 0.0 0.0 0.0 0.0
3.48716784548467 0.0 0.0 0.0 -0.2016307236170692 0.0 0.0 0.0 0.0 0.0 0.0 0.0 0.0
3.581415625092364 0.0 0.0 0.0 -0.25463845556597225 0.0 0.0 0.0 0.0 0.0 0.0 0.0 0.0
3.6756634047000576 0.0 0.0 0.0 -0.3058715889160817 0.0 0.0 0.0 0.0 0.0 0.0 0.0 0.0
3.7699111843077517 0.0 0.0 0.0 -0.3548552793859242 0.0 0.0 0.0 0.0 0.0 0.0 0.0 0.0
3.8641589639154454 0.0 0.0 0.0 -0.40113029694973756 0.0 0.0 0.0 0.0 0.0 0.0 0.0 0.0
3.958406743523139 0.0 0.0 0.0 -0.44425727935215176 0.0 0.0 0.0 0.0 0.0 0.0 0.0 0.0
4.052654523130833 0.0 0.0 0.0 -0.4838208482768074 0.0 0.0 0.0 0.0 0.0 0.0 0.0 0.0
4.146902302738527 0.0 0.0 0.0 -0.5194335500685265 0.0 0.0 0.0 0.0 0.0 0.0 0.0 0.0
4.241150082346221 0.0 0.0 0.0 -0.5507395841163981 0.0 0.0 0.0 0.0 0.0 0.0 0.0 0.0
4.335397861953914 0.0 0.0 0.0 -0.577418283554173 0.0 0.0 0.0 0.0 0.0 0.0 0.0 0.0
4.429645641561608 0.0 0.0 0.0 -0.599187314814049 0.0 0.0 0.0 0.0 0.0 0.0 0.0 0.0
4.523893421169301 0.0 0.0 0.0 -0.6158055647665708 0.0 0.0 0.0 0.0 0.0 0.0 0.0 0.0
4.6181412007769955 0.0 0.0 0.0 -0.6270756866763791 0.0 0.0 0.0 0.0 0.0 0.0 0.0 0.0
4.71238898038469 0.0 0.0 0.0 -0.6328462789813882 0.0 0.0 0.0 0.0 0.0 0.0 0.0 0.0
4.806636759992383 0.0 0.0 0.0 -0.6330136739395216 0.0 0.0 0.0 0.0 0.0 0.0 0.0 0.0
4.900884539600077 0.0 0.0 0.0 -0.6275233164576545 0.0 0.0 0.0 0.0 0.0 0.0 0.0 0.0
4.99513231920777 0.0 0.0 0.0 -0.6163707168949116 0.0 0.0 0.0 0.0 0.0 0.0 0.0 0.0
5.0893800988154645 0.0 0.0 0.0 -0.5996019652877804 0.0 0.0 0.0 0.0 0.0 0.0 0.0 0.0
5.183627878423159 0.0 0.0 0.0 -0.5773137982466756 0.0 0.0 0.0 0.0 0.0 0.0 0.0 0.0
5.277875658030852 0.0 0.0 0.0 -0.5496532136899686 0.0 0.0 0.0 0.0 0.0 0.0 0.0 0.0
5.372123437638546 0.0 0.0 0.0 -0.5168166325782007 0.0 0.0 0.0 0.0 0.0 0.0 0.0 0.0
5.466371217246239 0.0 0.0 0.0 -0.47904861085324596 0.0 0.0 0.0 0.0 0.0 0.0 0.0 0.0
5.5606189968539335 0.0 0.0 0.0 -0.43664010883880056 0.0 0.0 0.0 0.0 0.0 0.0 0.0 0.0
5.654866776461628 0.0 0.0 0.0 -0.38992632938377003 0.0 0.0 0.0 0.0 0.0 0.0 0.0 0.0
5.749114556069321 0.0 0.0 0.0 -0.3392841399924947 0.0 0.0 0.0 0.0 0.0 0.0 0.0 0.0
5.843362335677015 0.0 0.0 0.0 -0.2851290980493898 0.0 0.0 0.0 0.0 0.0 0.0 0.0 0.0
5.937610115284708 0.0 0.0 0.0 -0.22791210197499567 0.0 0.0 0.0 0.0 0.0 0.0 0.0 0.0
6.031857894892402 0.0 0.0 0.0 -0.16811569471094928 0.0 0.0 0.0 0.0 0.0 0.0 0.0 0.0
6.126105674500097 0.0 0.0 0.0 -0.10625004928963874 0.0 0.0 0.0 0.0 0.0 0.0 0.0 0.0
6.22035345410779 0.0 0.0 0.0 -0.04284866936836181 0.0 0.0 0.0 0.0 0.0 0.0 0.0 0.0
6.314601233715484 0.0 0.0 0.0 0.021536159532566112 0.0 0.0 0.0 0.0 0.0 0.0 0.0 0.0
6.408849013323177 0.0 0.0 0.0 0.08633812978109734 0.0 0.0 0.0 0.0 0.0 0.0 0.0 0.0
6.503096792930871 0.0 0.0 0.0 0.15098184181839236 0.0 0.0 0.0 0.0 0.0 0.0 0.0 0.0
6.5973445725385655 0.0 0.0 0.0 0.21488786231394447 0.0 0.0 0.0 0.0 0.0 0.0 0.0 0.0
6.691592352146259 0.0 0.0 0.0 0.27747786628122373 0.0 0.0 0.0 0.0 0.0 0.0 0.0 0.0
6.785840131753953 0.0 0.0 0.0 0.338179817976768 0.0 0.0 0.0 0.0 0.0 0.0 0.0 0.0
6.880087911361646 0.0 0.0 0.0 0.396433144631149 0.0 0.0 0.0 0.0 0.0 0.0 0.0 0.0
6.97433569096934 0.0 0.0 0.0 0.4516938566892004 0.0 0.0 0.0 0.0 0.0 0.0 0.0 0.0
7.0685834705770345 0.0 0.0 0.0 0.503439568276418 0.0 0.0 0.0 0.0 0.0 0.0 0.0 0.0
7.162831250184728 0.0 0.0 0.0 0.5511743720622677 0.0 0.0 0.0 0.0 0.0 0.0 0.0 0.0
7.257079029792422 0.0 0.0 0.0 0.5944335235588342 0.0 0.0 0.0 0.0 0.0 0.0 0.0 0.0
7.351326809400115 0.0 0.0 0.0 0.632787891171198 0.0 0.0 0.0 0.0 0.0 0.0 0.0 0.0
7.445574589007809 0.0 0.0 0.0 0.6658481299965842 0.0 0.0 0.0 0.0 0.0 0.0 0.0 0.0
7.5398223686155035 0.0 0.0 0.0 0.693268539441277 0.0 0.0 0.0 0.0 0.0 0.0 0.0 0.0
7.634070148223197 0.0 0.0 0.0 0.7147505671730032 0.0 0.0 0.0 0.0 0.0 0.0 0.0 0.0
7.728317927830891 0.0 0.0 0.0 0.7300459247333964 0.0 0.0 0.0 0.0 0.0 0.0 0.0 0.0
7.822565707438584 0.0 0.0 0.0 0.7389592832786828 0.0 0.0 0.0 0.0 0.0 0.0 0.0 0.0
7.916813487046278 0.0 0.0 0.0 0.741350521371935 0.0 0.0 0.0 0.0 0.0 0.0 0.0 0.0
8.011061266653972 0.0 0.0 0.0 0.7371365004891636 0.0 0.0 0.0 0.0 0.0 0.0 0.0 0.0
8.105309046261667 0.0 0.0 0.0 0.7262923478934387 0.0 0.0 0.0 0.0 0.0 0.0 0.0 0.0
8.19955682586936 0.0 0.0 0.0 0.7088522307428594 0.0 0.0 0.0 0.0 0.0 0.0 0.0 0.0
8.293804605477053 0.0 0.0 0.0 0.6849096096939281 0.0 0.0 0.0 0.0 0.0 0.0 0.0 0.0
8.388052385084746 0.0 0.0 0.0 0.6546169648042096 0.0 0.0 0.0 0.0 0.0 0.0 0.0 0.0
8.482300164692441 0.0 0.0 0.0 0.6181849911878146 0.0 0.0 0.0 0.0 0.0 0.0 0.0 0.0
8.576547944300135 0.0 0.0 0.0 0.575881266593716 0.0 0.0 0.0 0.0 0.0 0.0 0.0 0.0
8.670795723907828 0.0 0.0 0.0 0.528028397818609 0.0 0.0 0.0 0.0 0.0 0.0 0.0 0.0
8.765043503515523 0.0 0.0 0.0 0.4750016575908803 0.0 0.0 0.0 0.0 0.0 0.0 0.0 0.0
8.859291283123216 0.0 0.0 0.0 0.4172261282277737 0.0 0.0 0.0 0.0 0.0 0.0 0.0 0.0
8.95353906273091 0.0 0.0 0.0 0.3551733729317961 0.0 0.0 0.0 0.0 0.0 0.0 0.0 0.0
9.047786842338603 0.0 0.0 0.0 0.2893576600130822 0.0 0.0 0.0 0.0 0.0 0.0 0.0 0.0
9.142034621946298 0.0 0.0 0.0 0.22033176956082604 0.0 0.0 0.0 0.0 0.0 0.0 0.0 0.0
9.236282401553991 0.0 0.0 0.0 0.1486824160995156 0.0 0.0 0.0 0.0 0.0 0.0 0.0 0.0
9.330530181161684 0.0 0.0 0.0 0.07502532451644994 0.0 0.0 0.0 0.0 0.0 0.0 0.0 0.0
9.42477796076938 0.0 0.0 0.0 3.923713605897065e-16 0.0 0.0 0.0 0.0 0.0 0.0 0.0 0.0
9.519025740377073 0.0 0.0 0.0 -0.07573576415054206 0.0 0.0 0.0 0.0 0.0 0.0 0.0 0.0
9.613273519984766 0.0 0.0 0.0 -0.15151159422385357 0.0 0.0 0.0 0.0 0.0 0.0 0.0 0.0
9.707521299592461 0.0 0.0 0.0 -0.22665041031630673 0.0 0.0 0.0 0.0 0.0 0.0 0.0 0.0
9.801769079200154 0.0 0.0 0.0 -0.3004744161320596 0.0 0.0 0.0 0.0 0.0 0.0 0.0 0.0
9.896016858807847 0.0 0.0 0.0 -0.37231115190732467 0.0 0.0 0.0 0.0 0.0 0.0 0.0 0.0
9.99026463841554 0.0 0.0 0.0 -0.44149955694152404 0.0 0.0 0.0 0.0 0.0 0.0 0.0 0.0
10.084512418023236 0.0 0.0 0.0 -0.5073959876254256 0.0 0.0 0.0 0.0 0.0 0.0 0.0 0.0
10.178760197630929 0.0 0.0 0.0 -0.5693801367418011 0.0 0.0 0.0 0.0 0.0 0.0 0.0 0.0
10.273007977238622 0.0 0.0 0.0 -0.6268608001833698 0.0 0.0 0.0 0.0 0.0 0.0 0.0 0.0
10.367255756846317 0.0 0.0 0.0 -0.6792814380869087 0.0 0.0 0.0 0.0 0.0 0.0 0.0 0.0
10.46150353645401 0.0 0.0 0.0 -0.7261254787185469 0.0 0.0 0.0 0.0 0.0 0.0 0.0 0.0
10.555751316061704 0.0 0.0 0.0 -0.7669213152559063 0.0 0.0 0.0 0.0 0.0 0.0 0.0 0.0
10.649999095669399 0.0 0.0 0.0 -0.8012469478862336 0.0 0.0 0.0 0.0 0.0 0.0 0.0 0.0
10.744246875277092 0.0 0.0 0.0 -0.8287342263601267 0.0 0.0 0.0 0.0 0.0 0.0 0.0 0.0
10.838494654884785 0.0 0.0 0.0 -0.849072651287702 0.0 0.0 0.0 0.0 0.0 0.0 0.0 0.0
10.932742434492479 0.0 0.0 0.0 -0.8620126960140122 0.0 0.0 0.0 0.0 0.0 0.0 0.0 0.0
11.026990214100174 0.0 0.0 0.0 -0.8673686148353447 0.0 0.0 0.0 0.0 0.0 0.0 0.0 0.0
11.121237993707867 0.0 0.0 0.0 -0.8650207075860644 0.0 0.0 0.0 0.0 0.0 0.0 0.0 0.0
11.21548577331556 0.0 0.0 0.0 -0.8549170152020925 0.0 0.0 0.0 0.0 0.0 0.0 0.0 0.0
11.309733552923255 0.0 0.0 0.0 -0.837074425713884 0.0 0.0 0.0 0.0 0.0 0.0 0.0 0.0
11.403981332530948 0.0 0.0 0.0 -0.8115791751981568 0.0 0.0 0.0 0.0 0.0 0.0 0.0 0.0
11.498229112138642 0.0 0.0 0.0 -0.7785867334803628 0.0 0.0 0.0 0.0 0.0 0.0 0.0 0.0
11.592476891746337 0.0 0.0 0.0 -0.7383210697837644 0.0 0.0 0.0 0.0 0.0 0.0 0.0 0.0
11.68672467135403 0.0 0.0 0.0 -0.6910732990189519 0.0 0.0 0.0 0.0 0.0 0.0 0.0 0.0
11.780972450961723 0.0 0.0 0.0 -0.637199714951456 0.0 0.0 0.0 0.0 0.0 0.0 0.0 0.0
11.875220230569417 0.0 0.0 0.0 -0.5771192220257088 0.0 0.0 0.0 0.0 0.0 0.0 0.0 0.0
11.969468010177112 0.0 0.0 0.0 -0.5113101831113028 0.0 0.0 0.0 0.0 0.0 0.0 0.0 0.0
12.063715789784805 0.0 0.0 0.0 -0.44030670582285664 0.0 0.0 0.0 0.0 0.0 0.0 0.0 0.0
12.157963569392498 0.0 0.0 0.0 -0.36469439529857967 0.0 0.0 0.0 0.0 0.0 0.0 0.0 0.0
12.252211349000193 0.0 0.0 0.0 -0.2851056063567539 0.0 0.0 0.0 0.0 0.0 0.0 0.0 0.0
12.346459128607886 0.0 0.0 0.0 -0.2022142327367493 0.0 0.0 0.0 0.0 0.0 0.0 0.0 0.0
12.44070690821558 0.0 0.0 0.0 -0.11673007562685327 0.0 0.0 0.0 0.0 0.0 0.0 0.0 0.0
12.534954687823273 0.0 0.0 0.0 -0.02939283784216813 0.0 0.0 0.0 0.0 0.0 0.0 0.0 0.0
12.629202467430968 0.0 0.0 0.0 0.05903420619838792 0.0 0.0 0.0 0.0 0.0 0.0 0.0 0.0
12.723450247038661 0.0 0.0 0.0 0.14777081117356405 0.0 0.0 0.0 0.0 0.0 0.0 0.0 0.0
12.817698026646354 0.0 0.0 0.0 0.23602657579060757 0.0 0.0 0.0 0.0 0.0 0.0 0.0 0.0
12.91194580625405 0.0 0.0 0.0 0.3230079130464342 0.0 0.0 0.0 0.0 0.0 0.0 0.0 0.0
13.006193585861743 0.0 0.0 0.0 0.40792511497374095 0.0 0.0 0.0 0.0 0.0 0.0 0.0 0.0
13.100441365469436 0.0 0.0 0.0 0.48999944960578595 0.0 0.0 0.0 0.0 0.0 0.0 0.0 0.0
13.194689145077131 0.0 0.0 0.0 0.568470227015807 0.0 0.0 0.0 0.0 0.0 0.0 0.0 0.0
13.288936924684824 0.0 0.0 0.0 0.6426017709657332 0.0 0.0 0.0 0.0 0.0 0.0 0.0 0.0
13.383184704292518 0.0 0.0 0.0 0.7116902329416489 0.0 0.0 0.0 0.0 0.0 0.0 0.0 0.0
13.47743248390021 0.0 0.0 0.0 0.7750701861639171 0.0 0.0 0.0 0.0 0.0 0.0 0.0 0.0
13.571680263507906 0.0 0.0 0.0 0.8321209385360334 0.0 0.0 0.0 0.0 0.0 0.0 0.0 0.0
13.6659280431156 0.0 0.0 0.0 0.8822725054310088 0.0 0.0 0.0 0.0 0.0 0.0 0.0 0.0
13.760175822723292 0.0 0.0 0.0 0.925011185695604 0.0 0.0 0.0 0.0 0.0 0.0 0.0 0.0
13.854423602330987 0.0 0.0 0.0 0.9598846872639915 0.0 0.0 0.0 0.0 0.0 0.0 0.0 0.0
13.94867138193868 0.0 0.0 0.0 0.9865067522913559 0.0 0.0 0.0 0.0 0.0 0.0 0.0 0.0
14.042919161546374 0.0 0.0 0.0 1.0045612357180966 0.0 0.0 0.0 0.0 0.0 0.0 0.0 0.0
14.137166941154069 0.0 0.0 0.0 1.0138055956253833 0.0 0.0 0.0 0.0 0.0 0.0 0.0 0.0
14.231414720761762 0.0 0.0 0.0 1.0140737586072504 0.0 0.0 0.0 0.0 0.0 0.0 0.0 0.0
14.325662500369456 0.0 0.0 0.0 1.0052783286237483 0.0 0.0 0.0 0.0 0.0 0.0 0.0 0.0
14.419910279977149 0.0 0.0 0.0 0.9874121133705329 0.0 0.0 0.0 0.0 0.0 0.0 0.0 0.0
14.514158059584844 0.0 0.0 0.0 0.9605489480560037 0.0 0.0 0.0 0.0 0.0 0.0 0.0 0.0
14.608405839192537 0.0 0.0 0.0 0.9248438025681059 0.0 0.0 0.0 0.0 0.0 0.0 0.0 0.0
14.70265361880023 0.0 0.0 0.0 0.8805321642868554 0.0 0.0 0.0 0.0 0.0 0.0 0.0 0.0
14.796901398407925 0.0 0.0 0.0 0.8279286952012828 0.0 0.0 0.0 0.0 0.0 0.0 0.0 0.0
14.891149178015619 0.0 0.0 0.0 0.7674251684647575 0.0 0.0 0.0 0.0 0.0 0.0 0.0 0.0
14.985396957623312 0.0 0.0 0.0 0.6994876960132547 0.0 0.0 0.0 0.0 0.0 0.0 0.0 0.0
15.079644737231007 0.0 0.0 0.0 0.6246532653193628 0.0 0.0 0.0 0.0 0.0 0.0 0.0 0.0
15.1738925168387 0.0 0.0 0.0 0.5435256097025296 0.0 0.0 0.0 0.0 0.0 0.0 0.0 0.0
15.268140296446393 0.0 0.0 0.0 0.45677044280541856 0.0 0.0 0.0 0.0 0.0 0.0 0.0 0.0
15.362388076054087 0.0 0.0 0.0 0.3651100938207325 0.0 0.0 0.0 0.0 0.0 0.0 0.0 0.0
15.456635855661782 0.0 0.0 0.0 0.26931758575674675 0.0 0.0 0.0 0.0 0.0 0.0 0.0 0.0
15.550883635269475 0.0 0.0 0.0 0.1702102044096505 0.0 0.0 0.0 0.0 0.0 0.0 0.0 0.0
15.645131414877168 0.0 0.0 0.0 0.06864261071530679 0.0 0.0 0.0 0.0 0.0 0.0 0.0 0.0
15.739379194484863 0.0 0.0 0.0 -0.034500446265623944 0.0 0.0 0.0 0.0 0.0 0.0 0.0 0.0
15.833626974092557 0.0 0.0 0.0 -0.13831175436283322 0.0 0.0 0.0 0.0 0.0 0.0 0.0 0.0
15.92787475370025 0.0 0.0 0.0 -0.2418695363425082 0.0 0.0 0.0 0.0 0.0 0.0 0.0 0.0
16.022122533307943 0.0 0.0 0.0 -0.34424555295877685 0.0 0.0 0.0 0.0 0.0 0.0 0.0 0.0
16.116370312915638 0.0 0.0 0.0 -0.4445133405080342 0.0 0.0 0.0 0.0 0.0 0.0 0.0 0.0
16.210618092523333 0.0 0.0 0.0 -0.5417565105135173 0.0 0.0 0.0 0.0 0.0 0.0 0.0 0.0
16.304865872131025 0.0 0.0 0.0 -0.6350770379266865 0.0 0.0 0.0 0.0 0.0 0.0 0.0 0.0
16.39911365173872 0.0 0.0 0.0 -0.7236034636376344 0.0 0.0 0.0 0.0 0.0 0.0 0.0 0.0
16.49336143134641 0.0 0.0 0.0 -0.8064989371500563 0.0 0.0 0.0 0.0 0.0 0.0 0.0 0.0
16.587609210954106 0.0 0.0 0.0 -0.8829690260033389 0.0 0.0 0.0 0.0 0.0 0.0 0.0 0.0
16.6818569905618 0.0 0.0 0.0 -0.9522692199142763 0.0 0.0 0.0 0.0 0.0 0.0 0.0 0.0
16.776104770169493 0.0 0.0 0.0 -1.01371205965835 0.0 0.0 0.0 0.0 0.0 0.0 0.0 0.0
16.870352549777188 0.0 0.0 0.0 -1.066673823402677 0.0 0.0 0.0 0.0 0.0 0.0 0.0 0.0
16.964600329384883 0.0 0.0 0.0 -1.1106007065220866 0.0 0.0 0.0 0.0 0.0 0.0 0.0 0.0
17.058848108992574 0.0 0.0 0.0 -1.1450144348525393 0.0 0.0 0.0 0.0 0.0 0.0 0.0 0.0
17.15309588860027 0.0 0.0 0.0 -1.169517255832662 0.0 0.0 0.0 0.0 0.0 0.0 0.0 0.0
17.247343668207964 0.0 0.0 0.0 -1.1837962570200777 0.0 0.0 0.0 0.0 0.0 0.0 0.0 0.0
17.341591447815656 0.0 0.0 0.0 -1.187626967004363 0.0 0.0 0.0 0.0 0.0 0.0 0.0 0.0
17.43583922742335 0.0 0.0 0.0 -1.180876199728126 0.0 0.0 0.0 0.0 0.0 0.0 0.0 0.0
17.530087007031046 0.0 0.0 0.0 -1.163504109622679 0.0 0.0 0.0 0.0 0.0 0.0 0.0 0.0
17.624334786638737 0.0 0.0 0.0 -1.1355654317117057 0.0 0.0 0.0 0.0 0.0 0.0 0.0 0.0
17.718582566246432 0.0 0.0 0.0 -1.0972098878781946 0.0 0.0 0.0 0.0 0.0 0.0 0.0 0.0
17.812830345854128 0.0 0.0 0.0 -1.048681747766632 0.0 0.0 0.0 0.0 0.0 0.0 0.0 0.0
17.90707812546182 0.0 0.0 0.0 -0.9903185402410608 0.0 0.0 0.0 0.0 0.0 0.0 0.0 0.0
18.001325905069514 0.0 0.0 0.0 -0.9225489188753102 0.0 0.0 0.0 0.0 0.0 0.0 0.0 0.0
18.095573684677206 0.0 0.0 0.0 -0.845889692547843 0.0 0.0 0.0 0.0 0.0 0.0 0.0 0.0
18.1898214642849 0.0 0.0 0.0 -0.7609420397826666 0.0 0.0 0.0 0.0 0.0 0.0 0.0 0.0
18.284069243892596 0.0 0.0 0.0 -0.6683869329519607 0.0 0.0 0.0 0.0 0.0 0.0 0.0 0.0
18.378317023500287 0.0 0.0 0.0 -0.5689798057673134 0.0 0.0 0.0 0.0 0.0 0.0 0.0 0.0
18.472564803107982 0.0 0.0 0.0 -0.46354450456831653 0.0 0.0 0.0 0.0 0.0 0.0 0.0 0.0
18.566812582715677 0.0 0.0 0.0 -0.35296657070393794 0.0 0.0 0.0 0.0 0.0 0.0 0.0 0.0
18.66106036232337 0.0 0.0 0.0 -0.2381859077300907 0.0 0.0 0.0 0.0 0.0 0.0 0.0 0.0
18.755308141931064 0.0 0.0 0.0 -0.12018889315555953 0.0 0.0 0.0 0.0 0.0 0.0 0.0 0.0
18.84955592153876 0.0 0.0 0.0 -1.099997763668931e-15 0.0 0.0 0.0 0.0 0.0 0.0 0.0 0.0
